,Hunger,Cost,Volume,Tortilla,Temp,Meat,Fillings,Meat:filling,Uniformity,Salsa,Synergy,Wrap,overall
Hunger,1.0,-0.010261915104492881,-0.08047035072431526,0.15423687569850794,0.09449238555384862,0.08530420781596998,0.12243877178500988,0.08073544368455973,0.04390145606799237,0.09551430046665155,0.12567585253279578,0.003148568722098797,0.1589133040363363
Cost,-0.010261915104492881,1.0,0.4114078417215111,-0.00238347781100585,-0.06472959954546177,0.19003599460658951,0.1680713570415304,-0.0935039471405643,-0.11680600970673811,0.1518858975710545,0.10508721905085268,-0.14203979659562543,0.14938938231175072
Volume,-0.08047035072431526,0.4114078417215111,1.0,0.0670118860816506,-0.07718137319720907,0.10407802549501995,0.12938835944599011,-0.07063865802459934,-0.07464262566110956,0.0022808247614137353,0.1086652851762367,-0.1810467974597314,0.12115756009414402
Tortilla,0.15423687569850794,-0.00238347781100585,0.0670118860816506,1.0,0.27217816704193587,0.25945247899129037,0.32944846658352617,0.18840939594175726,0.1763348527133615,0.2613210395244883,0.3380435125172936,0.12348376842109857,0.365036479397959
Temp,0.09449238555384862,-0.06472959954546177,-0.07718137319720907,0.27217816704193587,1.0,0.23014156656946652,0.14507883370821892,0.13771858914350038,0.11970096175326322,0.05082325305003404,0.163480385680567,0.11194277810858337,0.26542522822286035
Meat,0.08530420781596998,0.19003599460658951,0.10407802549501995,0.25945247899129037,0.23014156656946652,1.0,0.5533543659442633,0.3339647063175185,0.23552662528023566,0.3366299876640047,0.5723288408549077,0.02735012404766108,0.7024097125204406
Fillings,0.12243877178500988,0.1680713570415304,0.12938835944599011,0.32944846658352617,0.14507883370821892,0.5533543659442633,1.0,0.289926429392933,0.2177414832842307,0.3268222880667585,0.66963633863493,0.02344858390543252,0.7201657054443023
Meat:filling,0.08073544368455973,-0.0935039471405643,-0.07063865802459934,0.18840939594175726,0.13771858914350038,0.3339647063175185,0.289926429392933,1.0,0.46299071507013445,0.19264203870429186,0.45490736428112877,0.16910360671592467,0.5127472657450767
Uniformity,0.04390145606799237,-0.11680600970673811,-0.07464262566110956,0.1763348527133615,0.11970096175326322,0.23552662528023566,0.2177414832842307,0.46299071507013445,1.0,0.21962571433214437,0.3344198417800344,0.19256282551710707,0.4051862896688344
Salsa,0.09551430046665155,0.1518858975710545,0.0022808247614137353,0.2613210395244883,0.05082325305003404,0.3366299876640047,0.3268222880667585,0.19264203870429186,0.21962571433214437,1.0,0.4574095856387301,0.09583214271929381,0.41861774652087785
Synergy,0.12567585253279578,0.10508721905085268,0.1086652851762367,0.3380435125172936,0.163480385680567,0.5723288408549077,0.66963633863493,0.45490736428112877,0.3344198417800344,0.4574095856387301,1.0,0.08105494593795001,0.804054925366088
Wrap,0.003148568722098797,-0.14203979659562543,-0.1810467974597314,0.12348376842109857,0.11194277810858337,0.02735012404766108,0.02344858390543252,0.16910360671592467,0.19256282551710707,0.09583214271929381,0.08105494593795001,1.0,0.14431434049250091
overall,0.1589133040363363,0.14938938231175072,0.12115756009414402,0.365036479397959,0.26542522822286035,0.7024097125204406,0.7201657054443023,0.5127472657450767,0.4051862896688344,0.41861774652087785,0.804054925366088,0.14431434049250091,1.0
